1.0
5681.7
5727.9
5774.1
1.0
7770.1
7827.0
7883.9
2.0
2869.1
2912.5
2955.9
2.0
3696.0
3755.6
3815.3
3.0
1706.2
1755.1
1804.0
3.0
2451.1
2505.3
2559.6
4.0
1297.2
1347.5
1397.9
4.0
1805.1
1861.5
1917.8
5.0
967.8
1017.9
1068.1
5.0
1351.3
1418.1
1485.0
6.0
811.4
859.9
908.4
6.0
1187.8
1241.0
1294.2
7.0
625.2
675.7
726.2
7.0
920.6
979.1
1037.7
8.0
534.8
577.4
620.0
8.0
876.7
923.2
969.8
9.0
508.8
551.6
594.4
9.0
708.1
770.2
832.4
10.0
364.7
408.5
452.4
10.0
667.3
726.3
785.3
11.0
319.0
367.7
416.4
11.0
550.2
608.3
666.3
12.0
300.9
355.0
409.2
12.0
511.0
563.8
616.6
13.0
254.8
296.9
339.0
13.0
467.6
531.1
594.5
14.0
222.5
269.0
315.5
14.0
407.7
469.6
531.6
15.0
192.2
240.8
289.4
15.0
332.8
390.6
448.4
16.0
184.5
226.3
268.1
16.0
331.0
386.8
442.7
17.0
149.5
194.8
240.0
17.0
287.1
345.4
403.7
18.0
133.9
183.4
232.8
18.0
317.9
368.9
419.9
19.0
118.9
166.2
213.4
19.0
277.1
337.2
397.3
20.0
91.9
137.0
182.0
20.0
230.5
290.3
350.0
21.0
81.4
128.0
174.7
21.0
239.6
303.1
366.6
22.0
72.9
113.8
154.6
22.0
229.5
283.8
338.1
23.0
65.2
104.6
144.0
23.0
208.3
262.4
316.5
24.0
49.7
88.2
126.7
24.0
188.2
247.1
306.1
25.0
46.4
86.2
126.0
25.0
156.3
216.6
276.8
26.0
39.4
73.7
107.9
26.0
162.7
216.5
270.4
27.0
37.0
66.3
95.7
27.0
138.3
190.6
242.9
28.0
25.2
62.2
99.3
28.0
136.8
199.0
261.3
29.0
26.7
62.4
98.1
29.0
110.6
166.1
221.5
30.0
17.2
51.2
85.2
30.0
120.8
171.9
223.1
31.0
19.4
52.5
85.6
31.0
103.6
153.4
203.3
32.0
19.8
52.0
84.1
32.0
82.1
137.5
192.9
33.0
12.7
39.5
66.3
33.0
92.4
143.4
194.4
34.0
5.4
37.7
70.0
34.0
86.5
134.7
182.8
35.0
8.0
34.9
61.9
35.0
77.0
128.2
179.4
36.0
5.1
24.9
44.7
36.0
62.0
111.1
160.1
37.0
4.4
34.4
64.5
37.0
64.2
116.7
169.1
38.0
0.8
21.7
42.6
38.0
51.0
106.4
161.8
39.0
2.6
23.6
44.6
39.0
53.8
100.8
147.8
40.0
3.0
26.8
50.6
40.0
48.0
98.0
148.0
41.0
3.3
16.7
30.1
41.0
58.7
108.5
158.4
42.0
-1.0
21.6
44.1
42.0
41.5
97.3
153.0
43.0
-0.6
19.1
38.7
43.0
52.6
96.3
140.1
44.0
-2.8
17.5
37.8
44.0
30.4
85.6
140.9
45.0
2.3
13.0
23.6
45.0
25.7
82.2
138.8
46.0
2.3
13.3
24.4
46.0
22.7
80.3
138.0
47.0
0.9
12.9
24.9
47.0
22.7
73.2
123.8
48.0
-3.8
11.8
27.5
48.0
20.5
69.2
117.9
49.0
-1.1
12.5
26.2
49.0
20.6
70.4
120.1
50.0
0.7
11.7
22.6
50.0
18.4
72.6
126.8
51.0
2.4
10.8
19.3
51.0
12.7
64.3
115.9
52.0
1.0
11.8
22.6
52.0
10.6
56.3
102.0
53.0
2.9
9.7
16.4
53.0
8.9
55.9
103.0
54.0
3.8
11.4
19.1
54.0
10.8
60.8
110.7
55.0
-1.7
13.2
28.1
55.0
9.4
58.0
106.7
56.0
3.2
11.2
19.2
56.0
3.5
50.1
96.8
57.0
2.7
10.5
18.3
57.0
6.6
53.9
101.1
58.0
1.8
11.1
20.5
58.0
2.2
45.6
89.0
59.0
2.5
10.4
18.2
59.0
2.8
45.8
88.7
60.0
2.8
11.4
19.9
60.0
-0.8
47.4
95.7
61.0
2.8
11.4
20.0
61.0
-3.5
38.3
80.1
62.0
0.9
11.4
21.8
62.0
-6.2
42.0
90.1
63.0
3.3
10.9
18.5
63.0
-3.5
41.7
86.9
64.0
4.3
12.2
20.1
64.0
-5.0
33.4
71.7
65.0
3.1
10.8
18.4
65.0
-6.5
38.2
83.0
66.0
4.1
11.5
18.9
66.0
-5.6
35.5
76.5
67.0
4.4
12.5
20.6
67.0
-11.7
30.1
71.9
68.0
4.2
13.0
21.7
68.0
-9.1
37.2
83.6
69.0
3.3
12.1
20.9
69.0
-6.2
34.1
74.5
70.0
4.9
12.9
20.9
70.0
-8.4
25.0
58.3
71.0
4.1
12.2
20.3
71.0
-6.9
26.3
59.6
72.0
5.3
13.7
22.1
72.0
-7.3
23.6
54.6
73.0
5.1
13.6
22.1
73.0
-12.4
24.1
60.6
74.0
4.3
13.5
22.7
74.0
-15.3
24.9
65.2
75.0
6.7
13.7
20.6
75.0
-8.6
22.0
52.7
76.0
4.6
13.7
22.8
76.0
-13.7
24.7
63.0
77.0
6.4
14.6
22.7
77.0
-9.5
20.9
51.4
78.0
6.6
15.3
24.1
78.0
-5.1
17.2
39.5
79.0
6.4
14.2
22.0
79.0
-11.5
19.6
50.8
80.0
6.0
14.6
23.2
80.0
-9.7
16.7
43.1
81.0
6.2
14.8
23.4
81.0
-10.8
19.0
48.8
82.0
5.8
14.3
22.8
82.0
-10.2
18.4
47.0
83.0
7.4
15.9
24.4
83.0
-12.8
16.7
46.3
84.0
7.0
15.4
23.8
84.0
-11.3
15.4
42.2
85.0
6.9
15.1
23.3
85.0
-9.2
17.4
44.1
86.0
7.1
16.5
25.9
86.0
-9.6
15.5
40.6
87.0
7.0
15.8
24.6
87.0
-6.9
13.4
33.8
88.0
7.8
16.6
25.3
88.0
-16.0
18.6
53.2
89.0
7.5
16.6
25.7
89.0
-11.6
17.1
45.8
90.0
9.2
17.2
25.2
90.0
-6.4
11.3
29.0
91.0
7.6
17.3
27.1
91.0
-10.5
11.8
34.2
92.0
8.3
16.9
25.4
92.0
-10.8
16.7
44.1
93.0
8.7
17.0
25.3
93.0
-14.4
15.9
46.2
94.0
9.6
17.9
26.2
94.0
-5.9
12.3
30.4
95.0
9.3
17.5
25.8
95.0
-7.5
12.2
31.9
96.0
7.8
17.6
27.5
96.0
-5.4
11.0
27.4
97.0
8.5
17.2
26.0
97.0
-10.6
14.6
39.7
98.0
10.9
18.4
25.9
98.0
-6.2
11.0
28.2
99.0
9.6
17.5
25.4
99.0
-6.0
12.5
31.1
100.0
10.1
17.5
24.8
100.0
-8.5
13.2
35.0
101.0
8.7
17.8
26.9
101.0
-6.7
11.3
29.3
102.0
10.4
18.1
25.9
102.0
-7.2
12.8
32.8
103.0
9.0
17.6
26.1
103.0
-8.6
11.2
31.1
104.0
10.3
18.6
26.9
104.0
-5.7
10.7
27.2
105.0
10.1
18.6
27.0
105.0
-4.8
11.4
27.7
106.0
9.5
18.3
27.2
106.0
-7.8
10.8
29.3
107.0
9.3
19.3
29.3
107.0
-6.1
11.9
29.9
108.0
9.9
19.1
28.4
108.0
-5.1
11.2
27.5
109.0
8.7
18.6
28.4
109.0
-2.5
10.2
22.9
110.0
10.2
18.8
27.3
110.0
-5.0
9.9
24.9
111.0
10.7
19.6
28.5
111.0
-3.1
11.4
25.9
112.0
10.3
19.1
28.0
112.0
-5.5
10.2
25.9
113.0
9.6
19.0
28.3
113.0
-7.4
12.6
32.6
114.0
10.7
19.5
28.3
114.0
-6.9
11.7
30.2
115.0
10.7
19.6
28.4
115.0
-4.3
12.1
28.5
116.0
10.0
19.5
29.1
116.0
-4.2
10.7
25.6
117.0
11.4
20.1
28.8
117.0
-4.9
11.8
28.5
118.0
9.7
19.2
28.7
118.0
-3.1
11.8
26.6
119.0
11.5
19.3
27.2
119.0
-6.1
10.6
27.2
120.0
12.8
20.3
27.8
120.0
-2.5
12.3
27.1
121.0
13.3
20.6
27.9
121.0
-1.9
12.0
26.0
122.0
10.8
20.2
29.6
122.0
-5.2
11.6
28.3
123.0
11.6
20.4
29.3
123.0
-4.6
11.3
27.3
124.0
12.2
20.8
29.4
124.0
-3.1
11.8
26.7
125.0
11.7
20.5
29.3
125.0
-3.2
12.7
28.7
126.0
12.3
20.9
29.5
126.0
-4.7
11.3
27.2
127.0
12.7
21.0
29.3
127.0
-5.9
11.7
29.3
128.0
12.4
20.6
28.7
128.0
-4.1
12.4
28.9
129.0
12.4
20.9
29.4
129.0
-4.1
12.9
29.9
130.0
12.7
20.8
28.8
130.0
-4.8
13.1
31.0
131.0
13.1
21.3
29.4
131.0
-3.3
13.2
29.7
132.0
12.2
21.3
30.5
132.0
-3.0
12.3
27.6
133.0
12.7
21.0
29.3
133.0
-3.4
12.2
27.8
134.0
12.6
21.6
30.5
134.0
-2.6
12.7
28.1
135.0
12.4
21.3
30.3
135.0
-4.7
12.5
29.8
136.0
11.9
20.8
29.6
136.0
-3.5
14.2
31.9
137.0
13.6
21.3
29.0
137.0
-2.9
12.2
27.2
138.0
12.5
21.0
29.5
138.0
-0.9
13.3
27.6
139.0
12.3
21.1
29.9
139.0
-5.1
12.2
29.6
140.0
13.3
21.8
30.3
140.0
-3.9
13.9
31.6
141.0
11.8
21.4
31.0
141.0
-4.2
11.7
27.6
142.0
12.5
21.4
30.3
142.0
-3.4
13.3
30.0
143.0
13.0
22.2
31.4
143.0
-3.0
14.0
31.0
144.0
12.6
21.6
30.6
144.0
-4.1
12.8
29.7
145.0
12.6
21.8
31.0
145.0
-3.3
13.4
30.1
146.0
13.8
22.5
31.1
146.0
-2.3
14.1
30.5
147.0
13.5
21.9
30.3
147.0
-4.1
13.4
30.9
148.0
13.2
21.8
30.5
148.0
-1.9
14.2
30.2
149.0
13.6
22.4
31.2
149.0
-3.2
13.6
30.3
150.0
13.6
21.5
29.5
150.0
-2.5
14.4
31.4
151.0
13.3
22.3
31.2
151.0
-2.2
14.5
31.2
152.0
12.5
22.0
31.4
152.0
-3.2
14.1
31.3
153.0
13.0
22.3
31.5
153.0
-3.5
14.1
31.7
154.0
13.5
22.3
31.0
154.0
-3.4
14.0
31.4
155.0
12.5
22.2
32.0
155.0
-4.2
13.8
31.8
156.0
12.9
22.1
31.4
156.0
-4.1
14.5
33.1
157.0
14.1
22.4
30.8
157.0
-1.2
15.2
31.6
158.0
12.8
21.8
30.8
158.0
-2.3
13.9
30.2
159.0
13.5
22.0
30.4
159.0
-1.9
14.9
31.7
160.0
12.9
22.7
32.5
160.0
-2.8
15.6
33.9
161.0
15.3
22.8
30.3
161.0
-1.4
15.4
32.1
162.0
14.3
22.7
31.2
162.0
-1.2
15.8
32.7
163.0
13.0
22.3
31.7
163.0
-3.1
15.3
33.8
164.0
13.2
22.4
31.6
164.0
-5.0
14.7
34.5
165.0
14.3
22.7
31.2
165.0
-2.0
15.4
32.7
166.0
15.7
23.0
30.4
166.0
-1.1
15.7
32.5
167.0
13.5
22.3
31.1
167.0
-2.9
15.2
33.3
168.0
14.4
22.8
31.1
168.0
-0.9
15.6
32.1
169.0
14.8
22.9
31.1
169.0
-0.2
16.3
32.7
170.0
14.6
23.2
31.8
170.0
-1.1
16.0
33.0
171.0
14.9
23.1
31.4
171.0
-1.5
15.8
33.2
172.0
13.9
23.1
32.3
172.0
0.1
16.5
32.9
173.0
14.2
22.9
31.5
173.0
0.5
16.5
32.4
174.0
13.5
22.9
32.3
174.0
-4.3
16.4
37.2
175.0
14.4
22.9
31.4
175.0
-2.2
15.9
34.1
176.0
15.3
23.4
31.5
176.0
-1.8
15.9
33.7
177.0
13.0
23.0
33.0
177.0
-1.8
16.5
34.9
178.0
13.8
23.5
33.1
178.0
-3.1
16.0
35.1
179.0
14.6
23.4
32.2
179.0
1.1
16.4
31.7
180.0
14.4
23.0
31.5
180.0
0.5
16.6
32.8
181.0
14.5
23.4
32.4
181.0
0.9
17.2
33.4
182.0
14.3
22.9
31.6
182.0
0.0
16.5
32.9
183.0
13.9
23.6
33.2
183.0
1.9
16.8
31.8
184.0
13.9
23.5
33.0
184.0
-0.8
16.7
34.2
185.0
15.7
23.4
31.1
185.0
2.1
17.2
32.3
186.0
14.7
23.5
32.2
186.0
0.0
16.7
33.4
187.0
15.2
24.1
33.1
187.0
-1.4
16.6
34.5
188.0
13.4
23.4
33.4
188.0
-0.7
16.1
32.8
189.0
14.5
23.6
32.6
189.0
-1.8
17.4
36.7
190.0
14.3
24.0
33.6
190.0
2.4
18.2
34.0
191.0
15.4
23.6
31.8
191.0
0.4
17.5
34.6
192.0
14.1
23.4
32.8
192.0
-0.2
17.6
35.3
193.0
13.9
23.4
33.0
193.0
1.8
18.1
34.3
194.0
15.1
23.8
32.5
194.0
-1.7
17.4
36.4
195.0
15.3
23.7
32.1
195.0
-0.5
16.7
33.9
196.0
15.2
23.6
31.9
196.0
0.3
18.2
36.0
197.0
15.0
23.8
32.6
197.0
0.1
17.3
34.5
198.0
14.7
23.9
33.1
198.0
-0.9
18.1
37.2
199.0
15.5
23.9
32.3
199.0
-0.6
17.8
36.1
200.0
15.2
23.8
32.3
200.0
0.3
17.5
34.6
